11 14 38 54 59 61 75 88 98 129 139 140 147 181 214 224 244
Iter#590117 New set #200 of size 17 (2950.6 its/hit = 0.010s/hit): seed=6303394685653949027 [11, 14, 38, 54, 59, 61, 75, 88, 98, 129, 139, 140, 147, 181, 214, 224, 244]
logs_custom/n8_LFT216.txt.bz2.greedyext.20260512_235107.txt

31 55 61 68 76 84 98 121 127 136 140 157 185 199 214 231 240
Iter#271367 New set #90 of size 17 (3015.2 its/hit = 0.011s/hit): seed=17073476200213222714 [31, 55, 61, 68, 76, 84, 98, 121, 127, 136, 140, 157, 185, 199, 214, 231, 240]
logs_custom/n8_LFT216.txt.bz2.greedyext.20260512_235107.txt

21 41 89 99 105 124 140 149 153 157 172 199 201 212 214 234 250
Iter#26854 New set #10 of size 17 (2685.4 its/hit = 0.000s/hit): seed=12351323702056037293 [21, 41, 89, 99, 105, 124, 140, 149, 153, 157, 172, 199, 201, 212, 214, 234, 250]
logs_custom/n8_LFT216.txt.bz2.greedyext.20260512_235107.txt

1 42 62 101 108 129 131 133 140 156 167 172 187 210 214 242 250
Iter#153737 New set #50 of size 17 (3074.7 its/hit = 0.000s/hit): seed=12694251419590179848 [1, 42, 62, 101, 108, 129, 131, 133, 140, 156, 167, 172, 187, 210, 214, 242, 250]
logs_custom/n8_LFT216.txt.bz2.greedyext.20260512_235107.txt

5 9 35 45 53 68 93 124 136 140 157 199 202 206 214 243 252
Iter#25062 New set #8 of size 17 (3132.8 its/hit = 0.000s/hit): seed=16797540909371081462 [5, 9, 35, 45, 53, 68, 93, 124, 136, 140, 157, 199, 202, 206, 214, 243, 252]
logs_custom/n8_LFT216.txt.bz2.greedyext.20260512_235107.txt

10 26 27 35 69 72 76 123 130 140 157 158 178 199 214 231 250
Iter#179239 New set #60 of size 17 (2987.3 its/hit = 0.000s/hit): seed=4651239396234152270 [10, 26, 27, 35, 69, 72, 76, 123, 130, 140, 157, 158, 178, 199, 214, 231, 250]
logs_custom/n8_LFT216.txt.bz2.greedyext.20260512_235107.txt

21 41 89 99 105 124 140 141 149 153 164 172 194 201 214 234 250
Iter#62353 New set #20 of size 17 (3117.6 its/hit = 0.000s/hit): seed=7214794182523746084 [21, 41, 89, 99, 105, 124, 140, 141, 149, 153, 164, 172, 194, 201, 214, 234, 250]
logs_custom/n8_LFT216.txt.bz2.greedyext.20260512_235107.txt

12 13 14 45 53 141 153 159 165 175 179 194 202 206 209 214 255
Iter#126616 New set #40 of size 17 (3165.4 its/hit = 0.000s/hit): seed=6371377858179975300 [12, 13, 14, 45, 53, 141, 153, 159, 165, 175, 179, 194, 202, 206, 209, 214, 255]
logs_custom/n8_LFT216.txt.bz2.greedyext.20260512_235107.txt

15 31 63 64 65 84 89 103 120 140 157 162 170 180 199 214 232
Iter#95493 New set #30 of size 17 (3183.1 its/hit = 0.000s/hit): seed=11929667363684770637 [15, 31, 63, 64, 65, 84, 89, 103, 120, 140, 157, 162, 170, 180, 199, 214, 232]
logs_custom/n8_LFT216.txt.bz2.greedyext.20260512_235107.txt

5 24 32 41 80 86 96 113 128 136 140 146 166 171 196 197 203
Iter#2884 New set #3 of size 17 (961.3 its/hit = 0.000s/hit): seed=16452348437351551583 [5, 24, 32, 41, 80, 86, 96, 113, 128, 136, 140, 146, 166, 171, 196, 197, 203]
logs_custom/n8_LFT216.txt.bz2.greedyext.20260512_235107.txt

17 93 105 124 140 141 153 171 174 176 177 194 205 214 222 239 242
Iter#207027 New set #70 of size 17 (2957.5 its/hit = 0.014s/hit): seed=7963029160291543276 [17, 93, 105, 124, 140, 141, 153, 171, 174, 176, 177, 194, 205, 214, 222, 239, 242]
logs_custom/n8_LFT216.txt.bz2.greedyext.20260512_235107.txt

0 12 36 45 65 78 103 140 159 162 169 170 175 184 214 216 217
Iter#13652 New set #5 of size 17 (2730.4 its/hit = 0.000s/hit): seed=8273776712420915123 [0, 12, 36, 45, 65, 78, 103, 140, 159, 162, 169, 170, 175, 184, 214, 216, 217]
logs_custom/n8_LFT216.txt.bz2.greedyext.20260512_235107.txt

11 76 89 105 121 122 136 140 175 179 185 202 206 213 214 226 231
Iter#249357 New set #80 of size 17 (3117.0 its/hit = 0.013s/hit): seed=14118260087614750348 [11, 76, 89, 105, 121, 122, 136, 140, 175, 179, 185, 202, 206, 213, 214, 226, 231]
logs_custom/n8_LFT216.txt.bz2.greedyext.20260512_235107.txt

18 24 31 42 56 80 84 140 141 146 157 164 176 177 196 199 214
Iter#302001 New set #100 of size 17 (3020.0 its/hit = 0.010s/hit): seed=14578969132160913731 [18, 24, 31, 42, 56, 80, 84, 140, 141, 146, 157, 164, 176, 177, 196, 199, 214]
logs_custom/n8_LFT216.txt.bz2.greedyext.20260512_235107.txt

17 20 40 69 109 110 120 131 161 167 172 195 201 214 229 242 251
Iter#894145 New set #300 of size 17 (2980.5 its/hit = 0.013s/hit): seed=10971056481014829482 [17, 20, 40, 69, 109, 110, 120, 131, 161, 167, 172, 195, 201, 214, 229, 242, 251]
logs_custom/n8_LFT216.txt.bz2.greedyext.20260512_235107.txt

5 22 24 31 80 84 116 140 157 164 177 186 194 196 199 214 234
Iter#10600 New set #4 of size 17 (2650.0 its/hit = 0.000s/hit): seed=9402307927774510242 [5, 22, 24, 31, 80, 84, 116, 140, 157, 164, 177, 186, 194, 196, 199, 214, 234]
logs_custom/n8_LFT216.txt.bz2.greedyext.20260512_235107.txt

30 33 43 74 93 105 124 140 141 153 170 176 177 179 194 214 222
Iter#25520 New set #9 of size 17 (2835.6 its/hit = 0.000s/hit): seed=7678009111641131064 [30, 33, 43, 74, 93, 105, 124, 140, 141, 153, 170, 176, 177, 179, 194, 214, 222]
logs_custom/n8_LFT216.txt.bz2.greedyext.20260512_235107.txt

10 18 20 22 80 110 119 131 149 167 172 173 188 214 222 242 245
Iter#536 New set #1 of size 17 (536.0 its/hit = 0.000s/hit): seed=7913310711414641133 [10, 18, 20, 22, 80, 110, 119, 131, 149, 167, 172, 173, 188, 214, 222, 242, 245]
logs_custom/n8_LFT216.txt.bz2.greedyext.20260512_235107.txt

