0 11 32 34 39 45 72 91 141 153 159 167 172 177 189 249 253
Iter#1364693 New set #500 of size 17 (2729.4 its/hit = 0.016s/hit): seed=17100107071395839648 [0, 11, 32, 34, 39, 45, 72, 91, 141, 153, 159, 167, 172, 177, 189, 249, 253]
logs_custom/n8_monomialInverse_swap01.txt.bz2.greedyext.20260518_085824.txt

0 1 52 74 79 80 84 88 96 116 128 137 188 198 214 215 225
Iter#95434 New set #40 of size 17 (2385.9 its/hit = 0.000s/hit): seed=11158054362789027992 [0, 1, 52, 74, 79, 80, 84, 88, 96, 116, 128, 137, 188, 198, 214, 215, 225]
logs_custom/n8_monomialInverse_swap01.txt.bz2.greedyext.20260518_085824.txt

0 1 14 17 24 34 48 59 70 78 82 94 154 195 212 222 229
Iter#2157752 New set #800 of size 17 (2697.2 its/hit = 0.018s/hit): seed=11138800420939228729 [0, 1, 14, 17, 24, 34, 48, 59, 70, 78, 82, 94, 154, 195, 212, 222, 229]
logs_custom/n8_monomialInverse_swap01.txt.bz2.greedyext.20260518_085824.txt

0 1 5 7 18 23 60 82 88 100 119 152 156 198 202 222 247
Iter#22609637 New set #8000 of size 17 (2826.2 its/hit = 0.019s/hit): seed=3631797896964774197 [0, 1, 5, 7, 18, 23, 60, 82, 88, 100, 119, 152, 156, 198, 202, 222, 247]
logs_custom/n8_monomialInverse_swap01.txt.bz2.greedyext.20260518_085824.txt

0 1 2 28 64 68 84 92 125 132 146 153 161 174 214 215 244
Iter#5632590 New set #2000 of size 17 (2816.3 its/hit = 0.019s/hit): seed=2390928866354074800 [0, 1, 2, 28, 64, 68, 84, 92, 125, 132, 146, 153, 161, 174, 214, 215, 244]
logs_custom/n8_monomialInverse_swap01.txt.bz2.greedyext.20260518_085824.txt

0 1 28 44 74 84 93 105 112 132 151 153 187 211 212 217 219
Iter#2415377 New set #900 of size 17 (2683.8 its/hit = 0.017s/hit): seed=10653974550895138535 [0, 1, 28, 44, 74, 84, 93, 105, 112, 132, 151, 153, 187, 211, 212, 217, 219]
logs_custom/n8_monomialInverse_swap01.txt.bz2.greedyext.20260518_085824.txt

0 31 46 58 72 78 98 103 104 106 119 147 159 168 171 201 244
Iter#190560 New set #80 of size 17 (2382.0 its/hit = 0.013s/hit): seed=6799812675193981792 [0, 31, 46, 58, 72, 78, 98, 103, 104, 106, 119, 147, 159, 168, 171, 201, 244]
logs_custom/n8_monomialInverse_swap01.txt.bz2.greedyext.20260518_085824.txt

0 1 3 52 74 77 79 80 84 88 96 128 137 188 198 205 225
Iter#826055 New set #300 of size 17 (2753.5 its/hit = 0.017s/hit): seed=7466466750470530700 [0, 1, 3, 52, 74, 77, 79, 80, 84, 88, 96, 128, 137, 188, 198, 205, 225]
logs_custom/n8_monomialInverse_swap01.txt.bz2.greedyext.20260518_085824.txt

0 1 27 36 63 79 129 134 137 164 192 198 211 214 215 230 248
Iter#11398604 New set #4000 of size 17 (2849.7 its/hit = 0.018s/hit): seed=3762649241122362618 [0, 1, 27, 36, 63, 79, 129, 134, 137, 164, 192, 198, 211, 214, 215, 230, 248]
logs_custom/n8_monomialInverse_swap01.txt.bz2.greedyext.20260518_085824.txt

0 1 8 10 14 17 25 54 78 94 115 124 133 214 215 221 226
Iter#8597810 New set #3000 of size 17 (2865.9 its/hit = 0.019s/hit): seed=5479922504866326757 [0, 1, 8, 10, 14, 17, 25, 54, 78, 94, 115, 124, 133, 214, 215, 221, 226]
logs_custom/n8_monomialInverse_swap01.txt.bz2.greedyext.20260518_085824.txt

0 1 8 11 17 25 32 68 70 88 146 167 172 214 215 216 245
Iter#168336 New set #70 of size 17 (2404.8 its/hit = 0.014s/hit): seed=11843536567207265188 [0, 1, 8, 11, 17, 25, 32, 68, 70, 88, 146, 167, 172, 214, 215, 216, 245]
logs_custom/n8_monomialInverse_swap01.txt.bz2.greedyext.20260518_085824.txt

0 1 26 28 55 62 64 69 91 92 114 136 173 189 222 238 249
Iter#26235 New set #10 of size 17 (2623.5 its/hit = 0.000s/hit): seed=9797888947197511156 [0, 1, 26, 28, 55, 62, 64, 69, 91, 92, 114, 136, 173, 189, 222, 238, 249]
logs_custom/n8_monomialInverse_swap01.txt.bz2.greedyext.20260518_085824.txt

0 1 8 11 24 65 68 70 94 102 146 167 172 192 214 215 253
Iter#18827 New set #7 of size 17 (2689.6 its/hit = 0.000s/hit): seed=1178679342279173141 [0, 1, 8, 11, 24, 65, 68, 70, 94, 102, 146, 167, 172, 192, 214, 215, 253]
logs_custom/n8_monomialInverse_swap01.txt.bz2.greedyext.20260518_085824.txt

0 1 8 17 21 25 57 78 94 144 151 154 162 169 177 202 212
Iter#25617762 New set #9000 of size 17 (2846.4 its/hit = 0.020s/hit): seed=14574161182408335208 [0, 1, 8, 17, 21, 25, 57, 78, 94, 144, 151, 154, 162, 169, 177, 202, 212]
logs_custom/n8_monomialInverse_swap01.txt.bz2.greedyext.20260518_085824.txt

0 1 5 10 18 23 27 46 71 103 125 143 147 214 215 221 244
Iter#6300 New set #3 of size 17 (2100.0 its/hit = 0.000s/hit): seed=16722650647690492267 [0, 1, 5, 10, 18, 23, 27, 46, 71, 103, 125, 143, 147, 214, 215, 221, 244]
logs_custom/n8_monomialInverse_swap01.txt.bz2.greedyext.20260518_085824.txt

0 1 9 10 19 23 84 103 106 143 147 156 161 214 215 221 244
Iter#23561 New set #9 of size 17 (2617.9 its/hit = 0.000s/hit): seed=14032818842549157708 [0, 1, 9, 10, 19, 23, 84, 103, 106, 143, 147, 156, 161, 214, 215, 221, 244]
logs_custom/n8_monomialInverse_swap01.txt.bz2.greedyext.20260518_085824.txt

0 1 3 27 36 63 77 79 129 130 134 137 164 192 198 211 248
Iter#526139 New set #200 of size 17 (2630.7 its/hit = 0.015s/hit): seed=2202205833213851610 [0, 1, 3, 27, 36, 63, 77, 79, 129, 130, 134, 137, 164, 192, 198, 211, 248]
logs_custom/n8_monomialInverse_swap01.txt.bz2.greedyext.20260518_085824.txt

0 1 11 15 24 41 70 72 88 94 98 104 167 172 175 210 245
Iter#5408 New set #2 of size 17 (2704.0 its/hit = 0.000s/hit): seed=7033997893876115293 [0, 1, 11, 15, 24, 41, 70, 72, 88, 94, 98, 104, 167, 172, 175, 210, 245]
logs_custom/n8_monomialInverse_swap01.txt.bz2.greedyext.20260518_085824.txt

1 10 11 21 41 42 60 65 67 82 121 148 186 195 202 216 247
Iter#17614 New set #6 of size 17 (2935.7 its/hit = 0.000s/hit): seed=2670028263033959940 [1, 10, 11, 21, 41, 42, 60, 65, 67, 82, 121, 148, 186, 195, 202, 216, 247]
logs_custom/n8_monomialInverse_swap01.txt.bz2.greedyext.20260518_085824.txt

0 31 49 66 101 124 149 152 160 163 164 180 184 190 201 220 225
Iter#28374964 New set #10000 of size 17 (2837.5 its/hit = 0.020s/hit): seed=5946950329016562712 [0, 31, 49, 66, 101, 124, 149, 152, 160, 163, 164, 180, 184, 190, 201, 220, 225]
logs_custom/n8_monomialInverse_swap01.txt.bz2.greedyext.20260518_085824.txt

0 1 5 19 42 82 121 137 143 144 152 156 171 185 192 202 208
Iter#14205826 New set #5000 of size 17 (2841.2 its/hit = 0.018s/hit): seed=16146818133659425009 [0, 1, 5, 19, 42, 82, 121, 137, 143, 144, 152, 156, 171, 185, 192, 202, 208]
logs_custom/n8_monomialInverse_swap01.txt.bz2.greedyext.20260518_085824.txt

0 1 5 16 19 68 108 114 143 146 152 156 166 173 214 215 222
Iter#71663 New set #30 of size 17 (2388.8 its/hit = 0.000s/hit): seed=17754000809950905797 [0, 1, 5, 16, 19, 68, 108, 114, 143, 146, 152, 156, 166, 173, 214, 215, 222]
logs_custom/n8_monomialInverse_swap01.txt.bz2.greedyext.20260518_085824.txt

1 22 40 61 73 74 80 99 105 120 134 142 158 187 211 220 221
Iter#2724228 New set #1000 of size 17 (2724.2 its/hit = 0.017s/hit): seed=17121217131908522023 [1, 22, 40, 61, 73, 74, 80, 99, 105, 120, 134, 142, 158, 187, 211, 220, 221]
logs_custom/n8_monomialInverse_swap01.txt.bz2.greedyext.20260518_085824.txt

