8 29 40 44 66 84 85 93 104 133 164 170 195 199 215 229 247
Iter#227128 New set #80 of size 17 (2839.1 its/hit = 0.013s/hit): seed=8965764189392277211 [8, 29, 40, 44, 66, 84, 85, 93, 104, 133, 164, 170, 195, 199, 215, 229, 247]
logs_custom/n8_Wuhan3.txt.bz2.greedyext.20260512_235123.txt

8 23 33 40 45 56 82 98 112 147 154 168 182 204 226 248 255
Iter#4683 New set #2 of size 17 (2341.5 its/hit = 0.000s/hit): seed=14437474566698224137 [8, 23, 33, 40, 45, 56, 82, 98, 112, 147, 154, 168, 182, 204, 226, 248, 255]
logs_custom/n8_Wuhan3.txt.bz2.greedyext.20260512_235123.txt

8 40 54 64 94 123 142 153 166 169 178 215 238 243 244 247 254
Iter#916225 New set #300 of size 17 (3054.1 its/hit = 0.013s/hit): seed=8166235339428174391 [8, 40, 54, 64, 94, 123, 142, 153, 166, 169, 178, 215, 238, 243, 244, 247, 254]
logs_custom/n8_Wuhan3.txt.bz2.greedyext.20260512_235123.txt

8 40 53 56 82 85 90 98 116 145 159 170 201 210 215 227 247
Iter#249688 New set #90 of size 17 (2774.3 its/hit = 0.011s/hit): seed=4784156785877992336 [8, 40, 53, 56, 82, 85, 90, 98, 116, 145, 159, 170, 201, 210, 215, 227, 247]
logs_custom/n8_Wuhan3.txt.bz2.greedyext.20260512_235123.txt

7 8 21 32 40 44 45 47 81 84 96 117 191 192 215 222 247
Iter#592791 New set #200 of size 17 (2964.0 its/hit = 0.010s/hit): seed=14472441417650191953 [7, 8, 21, 32, 40, 44, 45, 47, 81, 84, 96, 117, 191, 192, 215, 222, 247]
logs_custom/n8_Wuhan3.txt.bz2.greedyext.20260512_235123.txt

8 31 40 42 69 90 103 106 119 151 169 174 175 189 194 225 246
Iter#17588 New set #10 of size 17 (1758.8 its/hit = 0.000s/hit): seed=15571540784000186547 [8, 31, 40, 42, 69, 90, 103, 106, 119, 151, 169, 174, 175, 189, 194, 225, 246]
logs_custom/n8_Wuhan3.txt.bz2.greedyext.20260512_235123.txt

1 8 72 85 91 106 120 125 149 163 167 174 194 205 211 216 217
Iter#125101 New set #40 of size 17 (3127.5 its/hit = 0.000s/hit): seed=16610443480771927638 [1, 8, 72, 85, 91, 106, 120, 125, 149, 163, 167, 174, 194, 205, 211, 216, 217]
logs_custom/n8_Wuhan3.txt.bz2.greedyext.20260512_235123.txt

8 40 71 79 97 119 124 149 162 188 189 194 211 213 215 244 247
Iter#6879 New set #4 of size 17 (1719.8 its/hit = 0.000s/hit): seed=14608222203761306813 [8, 40, 71, 79, 97, 119, 124, 149, 162, 188, 189, 194, 211, 213, 215, 244, 247]
logs_custom/n8_Wuhan3.txt.bz2.greedyext.20260512_235123.txt

0 8 19 40 56 79 85 114 116 159 161 168 170 210 215 227 247
Iter#168555 New set #60 of size 17 (2809.2 its/hit = 0.000s/hit): seed=17646483471299003654 [0, 8, 19, 40, 56, 79, 85, 114, 116, 159, 161, 168, 170, 210, 215, 227, 247]
logs_custom/n8_Wuhan3.txt.bz2.greedyext.20260512_235123.txt

8 33 40 102 110 116 118 131 159 161 198 209 215 227 236 247 250
Iter#88975 New set #30 of size 17 (2965.8 its/hit = 0.000s/hit): seed=2986746221328513266 [8, 33, 40, 102, 110, 116, 118, 131, 159, 161, 198, 209, 215, 227, 236, 247, 250]
logs_custom/n8_Wuhan3.txt.bz2.greedyext.20260512_235123.txt

7 8 15 18 21 31 40 61 112 123 140 146 151 162 171 241 255
Iter#11555 New set #5 of size 17 (2311.0 its/hit = 0.000s/hit): seed=1434859255590204069 [7, 8, 15, 18, 21, 31, 40, 61, 112, 123, 140, 146, 151, 162, 171, 241, 255]
logs_custom/n8_Wuhan3.txt.bz2.greedyext.20260512_235123.txt

7 8 18 32 40 47 59 60 61 70 77 151 154 162 202 213 249
Iter#14354 New set #7 of size 17 (2050.6 its/hit = 0.000s/hit): seed=6988422106569430339 [7, 8, 18, 32, 40, 47, 59, 60, 61, 70, 77, 151, 154, 162, 202, 213, 249]
logs_custom/n8_Wuhan3.txt.bz2.greedyext.20260512_235123.txt

1 8 29 46 64 95 120 153 160 163 166 167 174 180 211 220 238
Iter#14005 New set #6 of size 17 (2334.2 its/hit = 0.000s/hit): seed=6537724909287575610 [1, 8, 29, 46, 64, 95, 120, 153, 160, 163, 166, 167, 174, 180, 211, 220, 238]
logs_custom/n8_Wuhan3.txt.bz2.greedyext.20260512_235123.txt

8 22 29 40 90 93 104 121 144 148 189 197 198 199 218 237 248
Iter#203029 New set #70 of size 17 (2900.4 its/hit = 0.014s/hit): seed=8748218694918898082 [8, 22, 29, 40, 90, 93, 104, 121, 144, 148, 189, 197, 198, 199, 218, 237, 248]
logs_custom/n8_Wuhan3.txt.bz2.greedyext.20260512_235123.txt

8 12 39 40 96 98 113 114 158 166 168 191 210 215 226 247 255
Iter#6383 New set #3 of size 17 (2127.7 its/hit = 0.000s/hit): seed=3634990911390539664 [8, 12, 39, 40, 96, 98, 113, 114, 158, 166, 168, 191, 210, 215, 226, 247, 255]
logs_custom/n8_Wuhan3.txt.bz2.greedyext.20260512_235123.txt

5 8 29 40 45 49 79 93 104 119 126 133 187 229 237 248 252
Iter#56851 New set #20 of size 17 (2842.6 its/hit = 0.000s/hit): seed=5961364614411431259 [5, 8, 29, 40, 45, 49, 79, 93, 104, 119, 126, 133, 187, 229, 237, 248, 252]
logs_custom/n8_Wuhan3.txt.bz2.greedyext.20260512_235123.txt

8 40 47 59 60 61 70 77 151 154 162 201 202 213 215 247 249
Iter#15963 New set #8 of size 17 (1995.4 its/hit = 0.000s/hit): seed=5555671236972258208 [8, 40, 47, 59, 60, 61, 70, 77, 151, 154, 162, 201, 202, 213, 215, 247, 249]
logs_custom/n8_Wuhan3.txt.bz2.greedyext.20260512_235123.txt

0 22 23 40 53 88 91 126 135 159 187 191 198 217 232 237 248
Iter#144819 New set #50 of size 17 (2896.4 its/hit = 0.000s/hit): seed=16728178808673790552 [0, 22, 23, 40, 53, 88, 91, 126, 135, 159, 187, 191, 198, 217, 232, 237, 248]
logs_custom/n8_Wuhan3.txt.bz2.greedyext.20260512_235123.txt

7 8 15 18 21 31 40 61 122 134 146 151 162 177 203 221 244
Iter#280849 New set #100 of size 17 (2808.5 its/hit = 0.010s/hit): seed=5280745533616753441 [7, 8, 15, 18, 21, 31, 40, 61, 122, 134, 146, 151, 162, 177, 203, 221, 244]
logs_custom/n8_Wuhan3.txt.bz2.greedyext.20260512_235123.txt

8 19 36 40 42 69 79 96 103 116 125 145 175 191 194 215 247
Iter#17002 New set #9 of size 17 (1889.1 its/hit = 0.000s/hit): seed=15865939522674325531 [8, 19, 36, 40, 42, 69, 79, 96, 103, 116, 125, 145, 175, 191, 194, 215, 247]
logs_custom/n8_Wuhan3.txt.bz2.greedyext.20260512_235123.txt

